onset	duration	label	start_x	start_y	end_x	end_y	amp	peak_vel	med_vel	avg_vel
0.000	0.259	FIXA	8.7	107.3	8.9	106.9	0.023	21.042	1.285	2.899
0.259	0.242	PURS	8.9	106.9	8.2	119.5	0.706	19.599	3.009	4.826
0.501	0.075	ISAC	8.1	120.7	13.7	99.8	1.214	83.950	8.426	20.092
0.576	0.025	IHPS	14.0	99.8	15.0	94.8	0.290	34.785	2.149	12.311
0.626	0.017	ISAC	16.6	83.6	13.8	102.8	1.091	130.756	69.485	69.485
0.643	0.017	IHPS	11.8	102.8	11.8	96.8	0.334	40.051	26.966	26.966
0.659	0.058	FIXA	11.8	96.8	9.6	80.2	0.944	93.202	15.898	22.690
0.718	0.134	SACC	16.3	80.2	-2.5	-150.3	13.007	176.621	109.981	101.161
0.851	0.025	LPSO	-2.5	-154.2	-4.3	-162.5	0.480	57.469	26.223	27.897
0.876	0.342	PURS	-4.3	-182.9	25.7	-92.2	5.378	137.680	14.741	26.718
1.218	0.033	ISAC	25.7	-92.7	7.1	-163.4	4.112	218.178	144.491	127.644
1.252	0.025	ILPS	7.1	-163.4	13.8	-166.8	0.425	37.204	16.312	17.839
1.277	0.192	PURS	16.9	-160.4	24.3	-116.1	2.522	70.088	9.482	17.696
1.469	0.033	ISAC	24.5	-116.0	24.7	-107.2	0.492	58.980	1.667	15.578
1.502	0.050	FIXA	24.7	-107.2	26.0	-104.4	0.176	12.293	4.285	4.563
1.552	0.476	PURS	25.9	-103.2	28.0	-89.3	0.790	14.895	2.181	3.266
2.028	0.058	ISAC	28.0	-88.0	-23.1	-90.6	2.875	121.546	41.774	50.612
2.086	0.192	FIXA	-23.1	-90.6	-21.3	-91.6	0.116	16.358	1.599	3.845
2.278	0.058	ISAC	-19.2	-90.9	61.0	-95.0	4.522	156.827	88.308	81.954
2.336	0.025	ILPS	61.0	-95.0	57.5	-101.9	0.436	42.525	11.065	17.863
2.362	0.033	FIXA	57.5	-101.9	58.1	-84.3	0.989	70.551	24.204	29.740
2.395	0.134	PURS	58.2	-84.3	11.6	-94.7	2.685	200.064	9.681	26.924
2.695	0.150	FIXA	185.4	-31.8	191.3	-25.8	0.534	119.753	9.928	19.605
2.846	0.083	SACC	186.7	-25.3	-65.2	-75.7	14.452	357.481	172.809	181.236
2.929	0.042	FIXA	-65.2	-77.3	-58.6	-73.9	0.414	37.899	10.457	15.630
2.971	0.159	PURS	-58.6	-74.3	10.0	-93.8	4.014	238.163	2.614	31.825
3.296	0.134	PURS	507.5	74.9	479.9	69.6	1.297	63.395	5.163	15.420
3.430	0.108	SACC	474.0	68.1	-76.6	-111.6	32.579	483.078	293.536	307.248
3.538	0.184	PURS	-76.6	-111.6	-52.8	-85.0	2.006	58.949	5.501	14.832
3.722	0.159	SACC	-52.8	-87.6	505.4	39.2	32.197	325.697	259.470	215.030
3.880	0.025	LPSO	505.4	39.2	497.2	30.8	0.662	67.996	17.376	28.457
3.905	0.100	FIXA	489.4	30.8	501.8	30.2	0.700	52.778	16.924	18.902
4.005	0.108	SACC	504.4	30.2	-33.7	-85.2	30.959	481.030	317.860	290.043
4.114	0.025	LPSO	-33.7	-81.7	-22.1	-75.2	0.750	53.480	36.412	37.808
4.139	0.217	FIXA	-19.3	-72.2	-13.7	-67.0	0.431	27.692	2.932	3.966
4.356	0.134	SACC	-13.5	-69.0	420.2	-9.6	24.624	294.009	214.105	191.511
4.489	0.058	FIXA	420.2	-9.6	420.9	-11.1	0.092	9.947	3.094	3.708
4.548	0.100	SACC	420.9	-11.6	-83.3	-71.7	28.565	441.305	224.740	197.505
4.648	0.025	LPSO	-83.3	-71.7	-76.0	-76.0	0.477	36.694	31.599	22.764
4.673	0.050	FIXA	-75.0	-76.0	-73.8	-77.7	0.118	6.890	4.098	3.907
4.723	0.175	PURS	-73.8	-78.1	-64.7	-84.3	0.619	19.474	3.558	5.067
4.898	0.050	ISAC	-64.7	-84.7	-39.2	-77.6	1.492	65.260	54.727	39.551
4.948	0.117	FIXA	-38.9	-77.1	-40.9	-70.1	0.407	11.224	3.907	4.491
5.065	0.142	SACC	-38.6	-70.1	387.5	0.1	24.292	304.714	204.311	174.046
5.207	0.025	HPSO	387.5	0.1	374.7	1.5	0.723	62.798	25.166	29.321
5.232	0.075	FIXA	369.3	-1.8	369.0	-0.5	0.073	43.025	4.401	7.733
5.307	0.108	SACC	365.2	-0.4	-67.3	-91.8	24.865	452.612	264.693	233.469
5.416	0.025	LPSO	-67.3	-91.3	-58.2	-90.9	0.509	34.555	26.515	21.414
5.441	0.217	FIXA	-58.2	-89.9	-44.9	-96.4	0.837	51.183	2.206	7.641
5.791	0.092	FIXA	521.6	107.6	502.9	66.3	2.250	92.682	34.140	39.233
5.883	0.167	SACC	505.4	66.3	-46.1	-70.5	31.964	562.967	212.495	199.681
6.050	0.017	HPSO	-46.1	-70.5	-37.1	-71.4	0.511	61.260	30.630	30.630
6.067	0.317	FIXA	-37.1	-71.4	-32.6	-73.2	0.268	27.563	1.935	4.230
6.384	0.200	SACC	-32.6	-76.6	487.5	9.0	29.649	333.559	184.961	172.250
6.584	0.025	LPSO	486.6	8.1	476.0	7.1	0.597	41.995	30.040	26.920
6.609	0.067	PURS	476.0	7.1	476.7	3.0	0.233	30.680	1.561	6.774
6.676	0.117	SACC	474.9	3.0	-74.3	-82.5	31.265	480.396	302.741	270.262
6.793	0.025	LPSO	-74.3	-83.4	-68.5	-83.9	0.331	19.949	19.856	15.342
6.818	0.042	FIXA	-63.5	-83.9	-62.7	-83.8	0.043	33.467	2.541	7.758
6.859	0.175	PURS	-62.6	-83.1	-53.2	-74.6	0.715	13.769	4.519	5.243
7.034	0.142	SACC	-53.6	-78.0	-496.7	-64.3	24.936	322.109	205.858	178.424
7.176	0.025	HPSO	-496.7	-64.1	-480.6	-63.6	0.904	61.035	47.358	36.660
7.201	0.100	FIXA	-467.6	-63.6	-448.8	-56.3	1.131	88.276	4.028	21.758
7.302	0.092	SACC	-446.1	-56.3	20.7	-41.2	26.270	575.483	350.154	305.401
7.393	0.092	FIXA	20.7	-41.2	20.4	-37.7	0.193	7.932	2.683	3.161
7.485	0.150	PURS	20.6	-37.5	22.8	-33.8	0.240	7.051	1.668	2.096
7.635	0.033	ISAC	24.3	-36.0	33.8	-56.4	1.269	143.638	12.289	42.892
7.669	0.033	FIXA	34.2	-57.2	36.4	-58.5	0.140	9.175	5.997	6.586
7.702	0.050	ISAC	37.4	-59.8	26.1	-35.2	1.522	176.770	5.926	33.365
7.752	0.050	FIXA	26.1	-35.2	6.2	-50.9	1.427	164.581	10.269	35.259
8.111	0.075	SACC	-303.2	14.6	21.0	-37.4	15.021	412.969	287.549	278.436
8.186	0.025	HPSO	21.7	-37.4	21.7	-35.6	0.102	12.236	4.701	5.646
8.211	0.150	FIXA	23.6	-43.3	19.9	-33.0	0.615	92.312	1.812	9.459
8.361	0.025	ISAC	19.9	-33.0	30.6	-63.7	1.831	219.019	1.120	73.380
8.386	0.100	FIXA	30.8	-63.7	31.2	-62.3	0.083	4.726	1.421	1.617
8.486	0.142	ISAC	31.2	-62.6	0.8	-70.2	1.768	168.134	68.560	66.263
8.628	0.050	FIXA	0.8	-70.2	0.1	-69.8	0.040	3.775	0.535	1.116
8.678	0.050	ISAC	2.0	-68.9	-6.9	-38.8	1.764	98.702	13.742	39.671
8.728	0.067	FIXA	-6.9	-38.8	-6.0	-37.5	0.089	4.676	1.485	1.746
8.795	0.142	SACC	-5.8	-37.1	-403.4	0.0	22.461	331.437	181.999	172.710
8.937	0.025	HPSO	-403.4	0.0	-397.1	-3.7	0.414	38.973	20.673	19.882
8.962	0.058	FIXA	-388.8	-6.0	-383.9	-8.2	0.302	58.001	1.662	15.183
9.021	0.142	SACC	-383.5	-8.0	21.6	-65.2	23.013	479.807	62.965	168.707
9.162	0.058	FIXA	21.6	-65.2	22.7	-63.1	0.135	6.636	1.423	2.606
9.221	0.250	PURS	22.9	-62.9	27.7	-54.6	0.538	13.694	2.050	3.003
9.471	0.150	SACC	27.7	-53.8	407.1	-17.2	21.441	282.168	158.188	148.241
9.621	0.025	LPSO	407.1	-17.2	401.3	-19.7	0.355	22.616	20.040	14.219
9.663	0.134	SACC	398.9	-18.5	-5.3	-39.8	22.771	388.352	182.112	178.990
9.797	0.017	HPSO	-4.0	-39.8	-2.8	-34.2	0.325	38.917	23.828	23.828
9.813	0.134	FIXA	-1.6	-34.2	4.4	-34.4	0.333	9.778	1.671	3.293
9.947	0.050	ISAC	4.4	-34.3	5.3	-33.7	0.061	4.021	1.635	1.829
9.997	0.159	FIXA	5.3	-33.7	5.8	-33.4	0.031	1.875	0.167	0.297
10.155	0.342	SACC	5.8	-33.4	-23.8	-79.8	3.098	319.565	82.816	96.661
10.498	0.025	HPSO	-23.8	-79.8	-23.8	-75.6	0.237	28.397	0.000	9.466
10.523	0.209	FIXA	-22.5	-74.6	-16.9	-69.4	0.430	23.947	2.553	4.274
10.731	0.134	SACC	-16.9	-69.4	408.6	7.2	24.317	329.594	213.438	184.800
10.865	0.025	LPSO	411.7	7.2	415.9	-0.3	0.486	36.224	31.887	29.667
10.890	0.108	FIXA	420.4	-0.8	418.3	-6.1	0.320	30.630	1.744	7.665
10.998	0.100	SACC	416.3	-5.6	15.8	-33.7	22.581	427.423	269.149	232.333
11.098	0.259	FIXA	16.8	-33.7	26.6	-31.3	0.563	9.166	1.674	2.904
11.357	0.175	SACC	26.7	-30.7	500.0	8.1	26.712	352.431	173.792	162.490
11.532	0.117	FIXA	500.0	8.1	488.7	5.6	0.648	27.100	4.419	6.517
11.649	0.117	SACC	487.4	5.6	6.1	-67.8	27.387	461.646	261.923	243.118
11.766	0.017	LPSO	5.0	-67.8	3.9	-62.3	0.320	38.324	22.788	22.788
11.783	0.192	FIXA	3.9	-62.3	12.1	-54.8	0.621	16.734	3.559	4.596
11.975	0.167	SACC	12.2	-53.3	391.4	-18.9	21.417	312.635	139.828	136.812
12.141	0.025	LPSO	391.4	-18.9	391.4	-22.9	0.224	26.830	0.000	8.943
12.166	0.125	FIXA	388.5	-22.9	388.9	-23.3	0.032	19.191	3.380	4.121
12.292	0.125	SACC	388.6	-23.3	8.4	-37.4	21.403	375.478	201.225	177.535
12.417	0.292	FIXA	8.8	-37.4	12.8	-35.7	0.244	6.732	1.386	2.220
12.709	0.025	ISAC	12.8	-36.6	21.8	-56.4	1.223	140.364	6.463	50.984
12.734	0.067	FIXA	21.8	-56.4	21.3	-55.3	0.065	5.094	1.553	2.099
12.801	0.025	ISAC	21.2	-54.9	12.0	-39.2	1.027	120.826	3.077	42.161
12.826	0.167	FIXA	12.0	-39.2	13.4	-37.0	0.148	5.087	0.559	1.239
12.993	0.117	SACC	13.1	-36.9	303.6	139.7	19.124	397.364	169.540	174.251
13.109	0.025	HPSO	303.6	139.7	307.8	131.7	0.510	35.893	27.447	21.113
13.134	0.159	FIXA	307.8	131.7	305.7	125.0	0.390	13.655	3.860	4.066
13.293	0.083	SACC	304.5	125.0	26.7	-56.9	18.677	443.797	252.269	229.541
13.376	0.025	LPSO	26.7	-56.9	32.4	-54.9	0.338	27.304	13.314	13.539
13.401	0.234	FIXA	33.6	-53.4	39.9	-49.4	0.422	12.998	1.843	3.023
13.635	0.134	SACC	40.2	-49.9	352.7	7.5	17.872	325.034	154.893	145.162
13.769	0.017	LPSO	352.7	7.5	352.7	2.1	0.305	36.566	18.283	18.283
13.785	0.100	FIXA	352.7	2.1	348.1	1.4	0.258	21.147	4.368	5.660
13.885	0.108	SACC	348.0	1.0	2.3	-40.2	19.583	334.799	195.766	184.465
13.994	0.267	PURS	2.3	-40.2	8.5	-66.8	1.536	19.297	7.615	7.363
14.261	0.142	FIXA	8.5	-67.2	8.0	-64.3	0.167	13.056	1.236	2.780
14.403	0.134	SACC	8.3	-67.2	353.9	4.9	19.861	311.091	186.733	155.314
14.536	0.017	LPSO	353.9	4.9	351.0	3.2	0.186	22.248	11.293	11.293
14.553	0.067	FIXA	351.0	3.2	350.2	4.1	0.066	6.359	0.701	1.417
14.620	0.125	SACC	350.2	4.4	-22.5	-82.1	21.520	371.714	204.759	175.298
14.745	0.025	LPSO	-22.5	-81.7	-22.3	-81.1	0.037	3.044	2.815	2.466
14.770	0.058	FIXA	-19.8	-79.9	-18.3	-75.9	0.237	19.007	6.729	8.238
14.828	0.309	PURS	-17.9	-75.5	-10.3	-71.4	0.483	13.710	1.693	2.558
15.137	0.125	SACC	-10.2	-70.9	214.7	-65.8	12.653	229.735	97.686	104.478
15.262	0.017	LPSO	214.7	-65.8	214.7	-64.1	0.095	11.369	5.685	5.685
15.279	0.083	FIXA	214.6	-64.0	213.1	-63.6	0.088	2.407	1.360	1.452
15.362	0.083	SACC	212.8	-63.6	-22.3	-77.4	13.246	310.825	187.124	159.455
15.446	0.025	LPSO	-22.3	-77.4	-20.4	-76.0	0.133	12.948	9.353	7.434
15.471	0.526	FIXA	-19.8	-74.3	-15.0	-70.6	0.338	13.309	1.557	2.437
15.997	0.050	ISAC	-14.4	-70.6	74.1	-73.8	4.986	180.905	92.962	100.918
16.047	0.142	FIXA	74.1	-73.8	70.8	-71.1	0.242	8.180	1.265	2.425
16.189	0.075	SACC	70.6	-71.1	-44.6	-84.5	6.523	205.901	82.014	90.123
16.264	0.025	LPSO	-44.6	-84.5	-41.1	-85.6	0.205	17.894	7.425	8.440
16.289	0.050	FIXA	-40.8	-85.6	-42.1	-84.1	0.112	6.202	2.766	2.861
16.339	0.426	PURS	-42.3	-83.9	2.5	-85.2	2.520	209.941	4.347	15.280
16.923	0.125	FIXA	285.8	-43.7	264.9	-37.1	0.463	93.447	7.071	14.439
17.048	0.100	SACC	266.0	-37.1	-15.2	-69.0	15.918	380.134	186.291	163.249
17.148	0.017	LPSO	-15.2	-69.0	-15.3	-65.1	0.214	25.663	12.832	12.832
17.165	0.209	FIXA	-15.3	-65.1	-15.3	-63.5	0.094	6.865	1.589	1.572
17.373	0.042	ISAC	-15.2	-62.3	-33.1	-76.5	1.285	101.626	7.764	33.094
17.415	0.050	FIXA	-33.1	-76.5	-31.8	-73.9	0.166	7.807	4.399	3.982
17.465	0.167	SACC	-31.4	-72.5	422.7	26.7	26.148	319.604	164.854	163.761
17.632	0.534	PURS	422.7	26.7	-28.5	-58.1	25.823	432.498	3.670	53.972
18.166	0.033	ISAC	-28.7	-58.1	-14.5	-91.0	2.014	148.149	48.787	61.779
18.200	0.017	ILPS	-14.5	-91.0	-14.5	-95.5	0.250	29.952	14.976	14.976
18.216	0.108	FIXA	-14.5	-95.7	-16.2	-89.1	0.384	17.966	2.751	4.485
18.325	0.017	ISAC	-16.4	-88.6	-20.4	-77.5	0.663	79.395	41.522	41.522
18.341	0.042	FIXA	-20.4	-77.5	-22.3	-77.8	0.107	16.649	2.625	5.687
18.383	0.217	PURS	-22.3	-77.8	69.0	-111.4	5.470	135.249	5.648	29.433
18.842	0.159	PURS	-487.8	-16.7	-423.6	-15.9	3.037	86.930	16.095	28.782
19.001	0.083	SACC	-373.2	-15.9	41.4	-42.7	23.369	546.207	304.284	314.582
19.084	0.234	PURS	41.4	-42.7	72.2	-62.2	2.053	84.526	10.368	17.283
19.318	0.317	SACC	72.2	-63.7	-363.5	10.7	24.860	322.366	219.846	196.657
19.635	0.025	HPSO	-364.0	10.7	-363.6	14.4	0.211	23.543	3.280	9.953
19.660	0.175	FIXA	-348.9	14.7	-355.3	7.5	0.543	98.738	4.901	10.116
19.835	0.100	SACC	-352.3	7.5	127.0	-94.2	27.562	479.093	268.505	279.223
19.935	0.033	FIXA	127.0	-94.2	124.9	-94.4	0.116	11.935	1.185	3.576
19.969	0.459	PURS	124.1	-94.4	-331.6	150.9	29.106	455.304	3.999	66.146
20.553	0.142	FIXA	-466.2	79.5	-446.5	72.4	0.512	80.640	6.885	14.107
20.695	0.117	SACC	-446.2	71.8	96.7	-99.9	32.030	473.772	241.142	279.745
20.811	0.025	HPSO	98.4	-99.7	104.5	-89.3	0.680	67.505	16.801	31.808
20.836	0.167	FIXA	103.6	-89.3	103.6	-93.3	0.221	24.368	3.088	4.788
21.003	0.259	PURS	104.1	-93.3	99.5	-80.3	0.772	19.030	2.526	3.520
21.262	0.033	ISAC	99.5	-81.9	126.3	-80.8	1.509	91.471	44.917	48.022
21.295	0.184	FIXA	126.3	-80.8	124.9	-72.3	0.489	13.659	3.109	4.246
21.479	0.125	SACC	125.0	-72.3	520.3	7.9	22.692	318.896	221.131	188.581
21.604	0.025	HPSO	520.3	7.9	507.6	-0.9	0.872	70.742	43.709	38.150
21.629	0.100	FIXA	503.8	-1.2	494.2	2.3	0.574	36.754	5.240	10.127
21.729	0.100	SACC	493.7	2.1	67.3	-69.6	24.323	458.113	296.017	244.558
21.829	0.242	FIXA	67.3	-69.6	74.8	-63.9	0.531	20.266	1.588	3.244
22.071	0.451	PURS	74.3	-63.9	59.9	-68.4	0.852	16.847	2.566	3.290
22.522	0.167	SACC	59.9	-69.5	478.2	-16.1	23.723	263.894	140.067	146.898
22.689	0.025	LPSO	478.2	-16.1	476.4	-14.6	0.136	12.228	10.382	7.537
22.714	0.075	PURS	473.0	-14.6	471.1	-18.8	0.262	22.528	7.661	7.409
22.789	0.108	SACC	470.2	-18.6	73.7	-70.4	22.492	424.545	267.202	208.888
22.898	0.209	FIXA	73.7	-70.2	78.8	-66.3	0.366	11.771	1.614	2.266
23.106	0.476	PURS	78.3	-66.9	55.7	-70.3	1.281	22.601	3.202	4.173
23.582	0.125	SACC	54.3	-71.8	428.7	40.0	21.984	301.294	236.082	181.753
23.707	0.025	LPSO	428.7	40.0	427.7	36.9	0.186	21.199	6.705	9.301
23.732	0.050	FIXA	424.6	36.9	417.0	32.8	0.484	28.504	17.005	15.441
23.782	0.108	SACC	415.2	32.8	22.1	-54.0	22.646	410.309	237.444	212.005
23.891	0.017	HPSO	22.1	-54.0	18.6	-38.4	0.900	107.801	53.901	53.901
23.907	0.225	FIXA	18.6	-38.4	28.4	-51.9	0.938	49.049	1.993	5.160
24.133	0.192	SACC	28.4	-51.6	471.8	39.3	25.458	272.800	158.539	135.872
24.325	0.100	FIXA	471.5	39.3	467.8	42.2	0.265	8.312	3.540	4.113
24.425	0.117	SACC	466.5	41.8	28.5	-47.8	25.148	452.866	249.159	218.637
24.541	0.025	LPSO	28.5	-46.6	30.4	-41.6	0.301	20.204	15.873	14.699
24.567	0.058	FIXA	32.0	-41.2	36.4	-41.2	0.252	10.748	5.979	5.990
24.625	0.217	PURS	37.7	-41.1	42.0	-43.8	0.284	10.190	1.993	2.432
24.842	0.142	SACC	41.9	-42.6	452.2	99.0	24.417	420.310	200.106	181.900
24.984	0.108	FIXA	452.2	99.0	448.0	95.7	0.303	13.270	4.737	4.880
25.092	0.150	SACC	447.4	96.0	14.0	-66.8	26.046	454.285	175.379	180.324
25.242	0.025	HPSO	14.0	-66.8	21.1	-64.2	0.431	33.112	23.453	18.855
25.267	0.250	FIXA	22.2	-63.4	27.6	-60.9	0.336	8.969	2.351	2.853
25.518	0.033	ISAC	27.6	-60.9	27.5	-64.8	0.220	25.412	0.676	6.691
25.551	0.392	FIXA	27.5	-64.9	25.4	-67.6	0.188	6.021	0.965	1.815
25.943	0.058	ISAC	25.5	-67.2	21.6	-56.3	0.650	36.278	11.222	14.196
26.002	0.317	FIXA	21.9	-56.3	25.7	-57.4	0.222	5.479	1.009	1.709
26.319	0.108	SACC	25.9	-57.6	229.5	-45.3	11.473	167.509	128.218	107.254
26.427	0.025	LPSO	229.5	-45.3	229.9	-45.9	0.041	4.049	2.681	2.244
26.452	0.033	FIXA	232.3	-45.2	231.7	-44.9	0.040	16.872	3.271	5.854
26.486	0.125	SACC	230.9	-44.2	9.2	-63.5	12.518	268.552	32.474	101.227
26.611	0.025	HPSO	9.2	-63.0	10.2	-59.6	0.201	23.153	4.822	10.514
26.636	0.117	FIXA	10.7	-59.6	13.5	-60.0	0.161	4.691	2.352	2.133
26.753	0.150	PURS	14.0	-60.5	17.4	-59.9	0.193	5.692	1.949	2.067
26.903	0.392	FIXA	17.6	-59.9	16.4	-64.0	0.241	11.289	1.220	2.022
27.295	0.017	ISAC	16.4	-63.1	12.6	-59.4	0.295	35.385	20.943	20.943
27.312	0.017	ILPS	12.4	-59.4	12.4	-62.5	0.176	21.130	11.410	11.410
27.329	0.083	FIXA	12.7	-63.1	16.5	-62.9	0.218	15.740	3.530	5.487
27.412	0.075	SACC	16.5	-63.3	144.5	-109.2	7.649	166.720	128.707	104.781
27.487	0.159	FIXA	144.5	-109.2	143.0	-105.4	0.233	8.614	1.166	1.885
27.646	0.092	SACC	143.6	-105.1	26.9	-53.0	7.187	191.678	45.324	82.683
27.737	0.108	FIXA	26.4	-53.0	28.2	-58.4	0.318	30.416	3.839	5.645
27.846	0.192	SACC	28.2	-61.2	460.3	-136.7	24.672	324.572	153.855	147.050
28.038	0.167	FIXA	460.3	-136.7	459.1	-123.9	0.727	45.035	1.868	8.239
28.205	0.117	SACC	459.5	-123.5	28.1	-14.2	25.028	450.859	276.775	221.796
28.322	0.017	LPSO	28.1	-14.2	32.0	-14.2	0.215	25.735	12.910	12.910
28.338	0.067	FIXA	32.1	-14.2	33.8	-14.9	0.105	5.885	3.672	3.302
28.405	0.242	PURS	34.5	-15.2	34.7	-20.2	0.280	11.954	1.820	2.447
28.647	0.033	ISAC	36.5	-20.2	33.0	-26.3	0.399	34.494	14.517	15.882
28.680	0.050	FIXA	32.8	-26.3	33.7	-22.8	0.203	21.220	1.903	4.991
28.730	0.075	SACC	33.7	-23.2	-85.5	-47.0	6.835	214.923	69.012	93.332
28.806	0.025	LPSO	-85.5	-47.0	-77.2	-46.2	0.467	38.323	17.817	18.713
28.831	0.142	FIXA	-75.1	-45.7	-74.0	-55.5	0.554	50.415	7.664	11.797
28.972	0.075	SACC	-72.0	-55.5	40.1	-46.6	6.329	236.961	54.239	97.875
29.048	0.309	PURS	40.1	-46.6	-267.4	19.9	17.699	255.805	19.423	68.094
29.548	0.159	SACC	-479.6	16.8	59.3	-40.3	30.483	594.921	75.864	201.881
29.707	0.025	LPSO	59.3	-40.3	60.5	-34.6	0.324	35.654	8.626	14.760
29.732	0.067	FIXA	60.9	-34.6	64.8	-34.6	0.219	32.965	1.155	6.191
29.799	1.101	PURS	63.3	-35.5	39.1	-8.8	2.029	52.848	5.658	8.320
30.900	0.083	FIXA	38.9	-8.8	38.8	-18.5	0.549	18.536	3.402	7.598
30.984	0.125	SACC	41.4	-21.2	433.3	30.6	22.239	284.167	212.408	182.350
31.109	0.025	HPSO	433.3	30.6	408.5	28.4	1.402	94.608	73.797	56.135
31.134	0.100	FIXA	399.2	28.4	398.5	24.8	0.205	62.743	0.521	8.673
31.234	0.108	SACC	398.3	25.9	33.2	-11.8	20.648	370.534	232.076	192.760
31.342	0.075	FIXA	33.2	-10.7	36.5	-11.6	0.193	10.197	3.739	4.113
31.417	0.317	PURS	37.1	-11.6	40.4	-22.1	0.620	23.878	3.851	4.771
31.735	0.175	FIXA	40.4	-20.7	37.6	-26.0	0.336	17.569	2.772	4.662
31.910	0.025	ISAC	36.8	-24.3	36.3	-17.2	0.402	48.053	12.580	21.344
31.935	0.200	FIXA	36.3	-17.2	29.9	-18.3	0.365	11.210	1.826	3.110
32.135	0.100	SACC	30.7	-19.5	284.0	-2.9	14.279	263.989	154.417	144.553
32.235	0.125	FIXA	284.0	-2.9	286.6	-1.2	0.169	24.901	2.950	5.575
32.360	0.100	SACC	287.5	-1.5	23.4	-17.8	14.886	315.792	178.593	151.626
32.460	0.192	FIXA	23.4	-17.8	25.2	-13.1	0.282	21.554	4.082	5.419
32.652	0.184	PURS	25.2	-13.9	89.9	-54.7	4.302	233.466	3.623	28.011
32.986	0.058	FIXA	425.7	40.0	373.9	31.0	2.232	145.463	62.264	63.409
33.045	0.125	SACC	374.9	32.3	14.5	-10.7	20.416	348.554	186.084	173.684
33.170	0.025	HPSO	16.6	-10.7	24.1	-8.6	0.436	37.566	14.813	22.090
33.195	0.217	FIXA	24.3	-8.6	24.6	-5.1	0.200	5.599	1.845	2.106
33.412	0.317	PURS	24.8	-6.1	19.5	-15.3	0.598	24.644	3.689	4.932
33.729	0.200	SACC	19.5	-14.5	486.1	61.6	26.595	353.631	160.853	154.805
33.929	0.017	HPSO	486.1	61.4	477.7	61.4	0.475	56.873	29.067	29.067
33.946	0.083	FIXA	477.7	61.4	473.1	59.2	0.285	9.948	3.279	3.964
34.029	0.108	SACC	472.8	59.8	0.8	-38.0	27.114	462.305	252.731	256.020
34.138	0.025	LPSO	0.8	-38.0	5.6	-38.2	0.270	17.767	14.626	10.798
34.163	0.284	FIXA	7.4	-38.7	12.9	-39.7	0.315	19.761	1.738	2.958
34.447	0.067	SACC	11.8	-41.1	-330.1	10.8	19.453	304.648	208.451	187.222
34.513	0.025	HPSO	-330.1	10.8	-407.8	15.2	4.375	290.714	234.294	175.003
34.538	0.033	FIXA	-433.7	19.2	-482.3	5.0	2.846	208.080	159.770	131.905
34.572	0.159	PURS	-494.3	8.9	-454.7	3.1	2.252	85.313	5.395	19.597
34.730	0.134	SACC	-453.8	3.2	36.3	-25.7	27.617	515.062	147.753	210.130
34.864	0.134	FIXA	36.3	-25.7	36.0	-22.2	0.201	15.583	1.360	2.827
34.997	0.209	PURS	36.7	-22.2	44.5	-22.6	0.438	18.323	4.083	4.964
35.206	0.067	FIXA	42.2	-23.0	43.5	-23.0	0.071	15.694	5.788	6.042
35.273	0.017	ISAC	44.1	-23.4	44.3	-35.7	0.691	82.835	43.810	43.810
35.289	0.025	ILPS	44.4	-35.7	44.6	-35.5	0.017	2.045	0.200	0.748
35.314	0.033	FIXA	43.5	-40.1	43.1	-43.4	0.190	31.680	11.429	13.635
35.348	0.175	SACC	43.8	-43.4	375.7	31.2	19.136	273.072	120.566	120.954
35.523	0.125	FIXA	375.7	31.2	369.6	26.8	0.424	19.641	3.933	5.827
35.648	0.108	SACC	368.6	25.5	17.3	-42.5	20.130	400.682	241.665	189.155
35.757	0.200	FIXA	17.3	-42.5	25.7	-42.0	0.477	10.819	1.878	2.981
35.957	0.092	SACC	25.8	-42.3	326.6	-12.7	17.004	307.872	203.049	191.787
36.049	0.017	LPSO	326.6	-13.3	330.6	-13.3	0.221	26.513	15.128	15.128
36.065	0.175	FIXA	330.6	-13.3	325.6	-8.5	0.386	12.184	1.821	3.053
36.241	0.092	SACC	325.4	-8.7	40.6	-33.1	16.080	311.695	238.002	182.189
36.332	0.025	LPSO	40.3	-33.1	41.8	-30.2	0.181	13.924	9.708	8.539
36.357	0.567	FIXA	42.1	-29.2	40.9	-32.0	0.168	23.680	1.420	2.205
36.925	0.050	ISAC	40.8	-30.5	39.2	-27.0	0.214	24.667	4.071	7.588
36.975	0.033	FIXA	39.1	-27.0	39.3	-27.4	0.022	1.410	1.155	0.968
37.008	0.033	ISAC	39.4	-27.4	39.4	-32.0	0.262	16.346	7.856	8.015
37.042	0.025	ILPS	39.4	-32.0	40.6	-31.0	0.088	8.092	3.417	3.836
37.067	0.033	FIXA	40.9	-30.8	41.1	-30.8	0.007	2.686	0.404	0.874
37.100	0.025	ISAC	41.0	-30.8	39.2	-35.3	0.272	30.475	2.357	10.981
37.125	0.142	FIXA	39.2	-35.3	36.9	-36.7	0.152	3.907	1.437	1.379
37.267	0.192	PURS	37.1	-36.7	42.0	-45.2	0.554	28.185	3.237	4.224
37.459	0.108	SACC	43.7	-45.2	344.7	-11.2	17.041	231.437	188.506	162.928
37.567	0.150	FIXA	344.7	-11.2	346.9	-9.5	0.156	21.572	2.257	4.780
37.718	0.092	SACC	345.2	-9.5	11.8	-26.2	18.777	339.832	208.839	208.527
37.809	0.259	FIXA	11.8	-25.5	18.0	-26.1	0.352	11.826	1.600	2.309
38.068	0.117	SACC	18.0	-26.0	278.8	-23.6	14.670	243.826	149.097	128.689
38.185	0.025	LPSO	278.8	-24.0	276.4	-25.3	0.153	15.162	3.761	7.093
38.210	0.117	FIXA	276.4	-25.3	272.2	-22.7	0.278	13.178	2.656	3.402
38.327	0.100	SACC	272.1	-23.0	19.7	-26.7	14.196	333.584	165.335	147.169
38.427	0.025	HPSO	19.7	-26.7	22.4	-26.5	0.149	17.682	0.226	5.969
38.452	0.267	FIXA	22.4	-25.7	21.6	-22.7	0.172	5.664	0.940	1.598
38.719	0.167	SACC	21.6	-23.1	474.9	1.3	25.532	447.587	210.903	184.097
38.886	0.025	HPSO	474.9	1.3	473.8	11.3	0.568	68.008	0.000	22.669
38.911	0.125	FIXA	471.8	19.7	460.7	13.7	0.710	57.945	7.903	12.531
39.036	0.125	SACC	460.7	14.0	16.2	-26.4	25.104	387.804	219.737	206.377
39.161	0.017	HPSO	16.2	-26.4	16.6	-29.9	0.197	23.646	11.823	11.823
39.178	0.267	FIXA	16.6	-29.9	20.6	-28.9	0.232	10.913	1.119	1.950
39.445	0.159	SACC	20.9	-28.9	429.8	47.7	23.400	254.219	191.512	154.288
39.603	0.025	HPSO	432.5	47.7	456.0	47.8	1.321	115.293	42.981	58.853
39.629	0.134	FIXA	456.0	47.8	450.4	41.8	0.461	32.790	6.640	10.068
39.762	0.108	SACC	449.4	41.7	11.9	-43.7	25.076	400.945	261.002	236.541
39.871	0.025	LPSO	11.9	-42.2	13.5	-42.2	0.090	10.835	10.492	7.109
39.896	0.317	FIXA	19.0	-39.8	18.0	-51.1	0.635	44.301	3.301	6.025
40.213	0.117	SACC	20.2	-51.1	334.7	-147.7	18.505	267.008	178.394	166.672
40.329	0.150	FIXA	335.8	-147.7	332.9	-144.7	0.232	16.074	1.254	3.474
40.480	0.092	SACC	332.9	-143.6	11.3	-16.3	19.456	418.240	287.924	218.151
40.571	0.025	LPSO	11.3	-16.4	15.1	-17.8	0.225	25.118	9.640	11.799
40.596	0.267	FIXA	15.6	-17.8	18.7	-22.0	0.294	6.517	2.285	2.346
40.864	0.217	SACC	16.9	-22.0	-416.2	-56.3	24.437	292.197	146.802	136.403
41.080	0.175	FIXA	-416.2	-57.1	-404.8	-53.3	0.680	21.472	4.293	5.580
41.256	0.125	SACC	-402.6	-53.3	51.4	-36.2	25.552	511.634	206.760	208.710
41.381	0.259	FIXA	52.5	-36.2	51.5	-32.0	0.242	16.536	1.329	2.563
41.640	0.234	PURS	52.1	-32.1	9.8	-74.9	3.382	151.982	5.670	18.873
41.998	0.058	SACC	-184.5	-80.1	-24.1	-135.7	7.271	277.022	201.084	197.117
42.057	0.017	LPSO	-21.0	-135.7	-16.8	-139.3	0.310	37.183	29.073	29.073
42.073	0.225	PURS	-16.4	-139.3	4.0	-120.5	1.564	61.757	8.760	15.390
42.299	0.033	ISAC	3.3	-121.7	6.6	-104.1	1.008	72.205	29.575	32.839
42.332	0.017	ILPS	6.6	-104.1	11.9	-108.2	0.377	45.192	22.596	22.596
42.349	0.259	PURS	11.9	-108.2	8.0	-87.2	1.205	35.975	2.942	7.104
42.608	0.042	ISAC	12.0	-87.2	58.6	-62.7	2.963	165.728	50.056	84.300
42.649	0.025	ILPS	57.8	-62.7	57.5	-57.2	0.314	31.086	6.760	14.551
42.674	0.033	FIXA	57.5	-57.2	56.8	-57.0	0.040	4.669	0.467	1.401
42.708	0.242	PURS	56.6	-57.0	55.8	-42.0	0.844	21.306	1.693	5.336
42.950	0.025	ISAC	57.4	-40.6	55.2	-53.7	0.747	89.502	14.308	34.603
42.975	0.100	FIXA	55.2	-53.7	54.6	-48.4	0.300	21.666	1.985	3.311
43.075	0.083	SACC	54.2	-47.6	1.0	-131.5	5.589	291.401	55.075	96.910
43.158	0.050	FIXA	1.0	-131.5	2.8	-131.2	0.105	8.467	1.122	2.460
